[24.310037, 120.491169],
[22.761827, 121.178903],
[23.540991, 119.625357],
[23.662595, 120.061605],
[23.365493, 120.119036],
[24.411452, 120.585687],
[25.126694, 121.864277],
[23.827345, 120.15133],
[25.131742, 121.829123],
[24.841557, 120.907177],
[24.868144, 120.92978],
[24.806303, 120.832628],
[24.912114, 120.955767],
[24.828021, 121.943413],
[24.840068, 121.832146],
[24.714734, 121.841711],
[24.631525, 121.856735],
[24.593861, 121.884555],
[24.315765, 121.786608],
[24.298113, 121.833917],
[24.300055, 121.776009],
[24.13874, 121.669926],
[23.969075, 121.624848],
[23.944379, 121.615711],
[23.599472, 121.534833],
[23.459638, 121.526013],
[24.69257, 120.790144],
[24.68417, 120.816888],
[24.490158, 120.659172],
[25.164942, 121.752047],
[25.163691, 121.760548],
[25.188152, 121.764101],
[25.150636, 121.801701],
[25.166219, 121.76483],
[25.045389, 121.938777],
[24.182981, 120.43258],
[24.153874, 120.407163],
[24.107958, 120.381248],
[23.868341, 120.204553],
[23.863066, 120.178273],
[23.866156, 120.182572],
[25.222152, 121.363775],
[25.222617, 121.40077],
[25.133152, 121.306794],
[25.134899, 121.83527],
[25.207526, 121.370855],
[25.127983, 121.300885],
[25.1255, 121.257305],
[25.12237, 121.245769],
[25.12133, 121.197207],
[25.130409, 121.219458],
[25.056026, 121.064251],
[22.920129, 120.161175],
[22.910101, 120.151647],
[22.910517, 120.172147],
[22.910659, 120.114481],
[22.637319, 120.244741],
[22.611874, 120.244184],
[22.559261, 120.287041],
[22.587929, 120.26271],
[22.476117, 120.39373],
[22.471309, 120.428812],
[22.413756, 120.392698],
[22.471587, 120.422062],
[22.464559, 120.433756],
[22.435918, 120.483032],
[22.438973, 120.48556],
[21.92546, 120.75636],
[21.930821, 120.752666],
[21.950876, 120.76014],
[24.334846, 120.456334],
[24.202987, 120.478358],
[24.20855, 120.42518],
[21.943127, 120.746167],
[21.94981, 120.771418],
[21.942736, 120.784389],
[22.703887, 121.101178],
[22.78466, 121.190737],
[23.084344, 121.37903],
[22.064062, 121.504913],
[22.657868, 121.471115],
[22.750991, 121.23079],
[23.507326, 119.597328],
[23.552544, 119.672052],
[23.733909, 119.615619],
[23.190112, 119.417672],
[23.801924, 120.168943],
[23.720181, 120.118126],
[23.538268, 120.13368],
[23.432021, 120.108234],
[23.437105, 120.102818],
[23.398299, 120.107954],
[23.390075, 120.130454],
[23.434245, 120.065429],
[22.889351, 120.158479],
[25.127983, 121.300885],
[25.131742, 121.829123],
[23.348329, 119.524486],
[23.515498, 119.486607],
[25.128573, 121.843846],
[24.466526, 118.35228],
[24.405262, 118.281898],
[24.439336, 118.475189],
[26.173927, 119.924698],
[26.194569, 119.94976],
[26.236458, 120.018425],
[26.3951018, 120.4794351],
[25.088015, 121.1719546],
[25.12718, 121.14665],
[25.0617401, 121.0960475],
[25.0983815, 121.0670128],
[24.6223673, 120.7420289],
[24.65063, 120.71113],
[24.42936, 120.55126],
[24.09032, 120.36735],
[24.08932, 120.32405],
[23.556051, 120.1078203],
[23.3365059, 120.0671021],
[23.04167, 120.06049],
[23.01773, 120.10614],
[22.99342, 120.13667],
[22.9977917, 120.0527641],
[22.9738554, 120.090843],
[22.8037086, 120.2130233],
[22.78236, 120.14981],
[22.52162, 120.32618],
[22.50405, 120.32995],
